s td 60 16 100
c r 1
b 1 2 21 26 31 40 66
b 2 2 11 21 26 40 64 66 67 69
b 3 2 26 31 40 66 100
b 4 11 21 22 40 64 66 67 69 88
b 5 2 11 21 26 64 67 69 83
b 6 2 16 23 31 40 41 52 66 84 99 100
b 7 21 22 50 66 69 88
b 8 11 22 40 57 64 67 69 88 97
b 9 16 23 31 40 41 52 55 66 84 99 100
b 10 22 46 50 66 69 88
b 11 6 22 57 64 67 69 88 97
b 12 11 32 40 57 64 67 97
b 13 16 23 40 41 52 55 65 66 84 85 99 100
b 14 25 37 39 46 50 66 69 88
b 15 6 22 57 64 69 82 88 97
b 16 11 15 32 40 57 67 97
b 17 16 23 41 44 52 55 58 60 61 65 66 84 85 99 100
b 18 25 33 37 39 46 50 66 69
b 19 15 32 40 54 57 75 97
b 20 16 35 44 53 58 60 61 66 99 100
b 21 23 34 41 44 52 55 58 60 61 65 84 85 99
b 22 25 29 33 37 39 46 50 66 96
b 23 15 17 32 36 49 54 57 75 79 97
b 24 16 35 51 53 60 61 66 99 100
b 25 23 34 41 44 52 55 58 60 61 65 81 84 85
b 26 10 25 29 33 37 39 46 50 96
b 27 29 33 37 50 66 89 93 96
b 28 15 17 18 36 49 54 75 79
b 29 15 17 32 36 49 57 63 79 97
b 30 9 16 35 51 53 61 66
b 31 19 23 34 41 43 44 52 55 58 61 65 81 84 85
b 32 17 18 28 49 54 75
b 33 4 17 36 49 57 63 79 97
b 34 9 35 53 61 62
b 35 9 16 51 66 94
b 36 8 19 23 34 41 43 44 52 55 58 65 81 84 85
b 37 17 18 28 54 56 75
b 38 4 13 36 49 57 63 79 97
b 39 9 35 53 62 90
b 40 9 47 51 66 77 94
b 41 8 19 23 34 41 43 44 52 55 58 65 72 76 81 85
b 42 5 18 28 54 56 75
b 43 4 13 38 49 57 63 97
b 44 47 51 66 77 78 94
b 45 8 19 23 27 34 43 44 48 52 55 58 65 72 76 81 85
b 46 5 7 18 28 56 74 80 91
b 47 4 13 30 38 49 63
b 48 8 19 23 27 34 43 44 48 52 65 72 76 81 85 95
b 49 5 7 20 28 56 74 80 91 98
b 50 4 13 30 38 49 87
b 51 8 19 27 34 43 44 45 48 65 72 76 81 95
b 52 5 7 14 20 74 80 91 98
b 53 3 12 30 42 49 59 71 87
b 54 8 19 27 34 43 45 48 65 72 73 76 81 95
b 55 3 12 42 49 59 71 86 87
b 56 1 8 19 27 34 43 45 48 72 73 76 81 95
b 57 3 12 24 42 49 59 71 86
b 58 1 8 27 34 43 45 48 72 73 76 81 92 95
b 59 1 27 48 68 72 73 76 92 95
b 60 68 70 73 92 95
1 2
1 3
2 4
2 5
3 6
4 7
4 8
6 9
7 10
8 11
8 12
9 13
10 14
11 15
12 16
13 17
14 18
16 19
17 20
17 21
18 22
19 23
20 24
21 25
22 26
22 27
23 28
23 29
24 30
25 31
28 32
29 33
30 34
30 35
31 36
32 37
33 38
34 39
35 40
36 41
37 42
38 43
40 44
41 45
42 46
43 47
45 48
46 49
47 50
48 51
49 52
50 53
51 54
53 55
54 56
55 57
56 58
58 59
59 60
